0.2599210498948732
0.4422495703074083
0.7099759466766968
0.9129311827723889
0.2239800905693152
0.3513346877207572
0.5712815906582351
0.6684016487219449
0.8438669798515654
0.0723168256858470
0.1413806523913927
0.3322218516459529
0.4482172403827302
0.5033980603867239
0.6088260801386944
0.7562857542210719
0.8929964158732604
0.9364971831021727
0.0615481004456794
0.1408177494228528
0.1793391963812318
0.2908404270262066
0.3620706714548376
0.4647450955845373
0.5947008922070394
0.6570095078038349
0.6875481476535974
0.7474593985234002
0.7768561810350167
0.8345881271116387
0.0265256953134791
0.0787530781327001
0.1551367354757715
0.1801014673802923
0.3014591923809036
0.3250740216149861
0.3946907121095906
0.4625555712813973
0.5068784463873524
0.5720546555426225
0.6357407945442359
0.6566528258229098
0.7589652204924011
0.7789965651521289
0.8186478674969608
0.8382724608140025
0.9533418131390512
0.0641269945069629
0.1001702003930615
0.1180331726366201
0.1534494936636816
0.2058217948957512
0.2230842532060579
0.3079935486632665
0.3578611797341997
0.4069585771855575
0.4553148109388854
0.4712736269603645
0.5186839151737695
0.5499116201193743
0.5654144273461377
0.6418521953442085
0.7459967117054243
0.7751689522733116